# ch21_20201201025604_552.jpg
1216 247 1000 906 1258.57 772.21 0.0 1867.5 1145.43 0.0 2128.21 707.93 0.0 -2 -2 0.0 -2 -2 0.0
# ch21_20201201012212_353.jpg
1135 15 752 532 1192.5 243.64 0.0 -1 -1 0.0 -1 -1 0.0 -2 -2 0.0 -2 -2 0.0
# ch21_20201201012212_354.jpg
1225 31 980 700 1299.64 416.86 0.0 1805.0 693.64 0.0 2113.93 431.14 0.0 -2 -2 0.0 -2 -2 0.0
# ch21_20201201003514_29.jpg
1219 133 1113 832 1281.79 609.71 0.0 2008.57 902.57 0.0 2205.0 613.29 0.0 -2 -2 0.0 -2 -2 0.0
# ch21_20201201012212_365.jpg
1335 179 1033 774 1387.14 575.79 0.0 2046.07 900.79 0.0 2246.07 584.71 0.0 -2 -2 0.0 -2 -2 0.0
# ch21_20201201025604_542.jpg
959 15 842 513 987.14 243.64 0.0 1449.64 488.29 0.0 -1 -1 0.0 -2 -2 0.0 -2 -2 0.0
# ch21_20201201020910_41.jpg
1316 194 1043 753 1381.79 549.0 0.0 2031.79 886.5 0.0 2247.86 570.43 0.0 -2 -2 0.0 -2 -2 0.0
# ch21_20201201000000_148.jpg
1317 97 1001 827 1394.29 540.07 0.0 1996.07 886.5 0.0 2160.36 586.5 0.0 -2 -2 0.0 -2 -2 0.0
# ch21_20201201020910_429.jpg
905 12 689 348 917.5 116.86 0.0 1326.43 324.0 0.0 -1 -1 0.0 -2 -2 0.0 -2 -2 0.0
# ch21_20201201003514_244.jpg
1234 167 1255 921 1408.57 774.0 0.0 2099.64 1072.21 0.0 2292.5 745.43 0.0 -2 -2 0.0 -2 -2 0.0
# ch21_20201201000000_155.jpg
1375 199 1067 995 1447.86 768.64 0.0 2031.79 1149.0 0.0 2280.0 795.43 0.0 -2 -2 0.0 -2 -2 0.0
# ch21_20201201025604_559.jpg
1128 28 879 566 1178.21 334.71 0.0 -1 -1 0.0 -1 -1 0.0 -2 -2 0.0 -2 -2 0.0
# ch21_20201201003514_226.jpg
1228 136 1263 915 1408.57 734.71 0.0 2117.5 1025.79 0.0 2303.21 713.29 0.0 -2 -2 0.0 -2 -2 0.0
# ch21_20201201012212_326.jpg
925 8 691 323 997.86 77.57 0.0 1403.21 268.64 0.0 -1 -1 0.0 -2 -2 0.0 -2 -2 0.0
# ch21_20201201012212_336.jpg
1217 133 1008 818 1267.5 572.21 0.0 1946.07 915.07 0.0 2119.29 568.64 0.0 -2 -2 0.0 -2 -2 0.0
# ch21_20201201012212_351.jpg
1062 17 725 336 1124.64 124.0 0.0 -1 -1 0.0 -1 -1 0.0 -2 -2 0.0 -2 -2 0.0
# ch21_20201201012212_329.jpg
1150 45 1005 788 1230.0 495.43 0.0 1887.14 799.0 0.0 2058.57 488.29 0.0 -2 -2 0.0 -2 -2 0.0
# ch21_20201201000000_138.jpg
1244 181 1020 738 1355.0 625.79 0.0 1980.0 893.64 0.0 2178.21 582.93 0.0 -2 -2 0.0 -2 -2 0.0
# ch21_20201201025604_516.jpg
1141 153 1096 810 1235.36 652.57 0.0 1810.36 943.64 0.0 2099.64 574.0 0.0 -2 -2 0.0 -2 -2 0.0
# ch21_20201201020910_416.jpg
1009 69 955 717 1081.79 475.79 0.0 1703.21 775.79 0.0 -1 -1 0.0 -2 -2 0.0 -2 -2 0.0
# ch21_20201201025604_579.jpg
1142 324 1136 845 1238.93 816.86 0.0 1981.79 1157.93 0.0 2196.07 743.64 0.0 -2 -2 0.0 -2 -2 0.0
# ch21_20201201034258_6101.jpg
1116 181 1034 759 1187.14 477.57 0.0 1887.14 918.64 0.0 2055.0 540.07 0.0 -2 -2 0.0 -2 -2 0.0
# ch21_20201201025604_547.jpg
1157 111 1005 863 1192.5 616.86 0.0 1794.29 965.07 0.0 2035.36 581.14 0.0 -2 -2 0.0 -2 -2 0.0
# ch21_20201201020910_49.jpg
1332 179 1028 786 1383.57 597.21 0.0 2037.14 924.0 0.0 2238.93 600.79 0.0 -2 -2 0.0 -2 -2 0.0
# ch21_20201201000000_142.jpg
1194 217 1041 750 1324.64 668.64 0.0 1933.57 931.14 0.0 2153.21 618.64 0.0 -2 -2 0.0 -2 -2 0.0
# ch21_20201201020910_419.jpg
1130 219 1029 825 1213.93 688.29 0.0 1876.43 1018.64 0.0 2063.93 557.93 0.0 -2 -2 0.0 -2 -2 0.0
# ch21_20201201000000_139.jpg
1209 194 1041 726 1340.71 622.21 0.0 1942.5 891.86 0.0 2169.29 588.29 0.0 -2 -2 0.0 -2 -2 0.0
# ch21_20201201000000_151.jpg
1385 199 1059 959 1456.79 754.36 0.0 2040.71 1129.36 0.0 2288.93 770.43 0.0 -2 -2 0.0 -2 -2 0.0
# ch21_20201201025604_578.jpg
1144 292 1152 855 1246.07 784.71 0.0 1944.29 1134.71 0.0 2196.07 722.21 0.0 -2 -2 0.0 -2 -2 0.0
# ch21_20201201020910_449.jpg
978 115 1373 805 1162.14 466.86 0.0 2051.43 902.57 0.0 -1 -1 0.0 -2 -2 0.0 -2 -2 0.0
# ch21_20201201000000_158.jpg
1321 86 952 827 1381.79 556.14 0.0 1955.0 882.93 0.0 2121.07 590.07 0.0 -2 -2 0.0 -2 -2 0.0
# ch21_20201201020910_446.jpg
966 90 1371 854 1165.71 441.86 0.0 2097.86 888.29 0.0 -1 -1 0.0 -2 -2 0.0 -2 -2 0.0
# ch21_20201201012212_361.jpg
1332 133 1053 825 1392.5 549.0 0.0 2051.43 882.93 0.0 2258.57 572.21 0.0 -2 -2 0.0 -2 -2 0.0
# ch21_20201201025604_54.jpg
1150 190 1223 943 1231.79 793.64 0.0 1801.43 1122.21 0.0 2149.64 781.14 0.0 -2 -2 0.0 -2 -2 0.0
# ch21_20201201020910_412.jpg
766 4 798 341 806.79 90.07 0.0 1276.43 324.0 0.0 -1 -1 0.0 -2 -2 0.0 -2 -2 0.0
# ch21_20201201025604_53.jpg
1203 128 1165 976 1231.79 770.43 0.0 1780.0 1093.64 0.0 2155.0 757.93 0.0 -2 -2 0.0 -2 -2 0.0
# ch21_20201201003514_222.jpg
1244 145 1261 924 1419.29 752.57 0.0 2119.29 1045.43 0.0 2301.43 725.79 0.0 -2 -2 0.0 -2 -2 0.0
# ch21_20201201025604_553.jpg
1205 258 1013 907 1240.71 770.43 0.0 1851.43 1149.0 0.0 2108.57 709.71 0.0 -2 -2 0.0 -2 -2 0.0
# ch21_20201201003514_236.jpg
1226 142 1274 918 1408.57 740.07 0.0 2131.79 1025.79 0.0 2296.07 707.93 0.0 -2 -2 0.0 -2 -2 0.0
# ch21_20201201000000_147.jpg
1260 29 977 782 1331.79 452.57 0.0 1869.29 784.71 0.0 2085.36 500.79 0.0 -2 -2 0.0 -2 -2 0.0
# ch21_20201201025604_515.jpg
1137 94 1048 794 1217.5 590.07 0.0 1776.43 877.57 0.0 2051.43 536.5 0.0 -2 -2 0.0 -2 -2 0.0
# ch21_20201201012212_343.jpg
1207 151 989 811 1253.21 600.79 0.0 1842.5 938.29 0.0 2108.57 588.29 0.0 -2 -2 0.0 -2 -2 0.0
# ch21_20201201020910_43.jpg
1339 156 1032 800 1385.36 572.21 0.0 2031.79 909.71 0.0 2249.64 590.07 0.0 -2 -2 0.0 -2 -2 0.0
# ch21_20201201025604_566.jpg
1187 104 1091 795 1235.36 534.71 0.0 1924.64 836.5 0.0 2137.14 574.0 0.0 -2 -2 0.0 -2 -2 0.0
# ch21_20201201012212_338.jpg
1230 145 995 847 1258.57 607.93 0.0 1892.5 943.64 0.0 2113.93 597.21 0.0 -2 -2 0.0 -2 -2 0.0
# ch21_20201201003514_214.jpg
1219 170 1109 840 1281.79 647.21 0.0 2006.79 941.86 0.0 2199.64 645.43 0.0 -2 -2 0.0 -2 -2 0.0
# ch21_20201201012212_335.jpg
1235 145 986 824 1269.29 609.71 0.0 1856.79 949.0 0.0 2126.43 591.86 0.0 -2 -2 0.0 -2 -2 0.0
# ch21_20201201003514_254.jpg
1235 181 1211 907 1388.93 788.29 0.0 2028.21 1072.21 0.0 2251.43 752.57 0.0 -2 -2 0.0 -2 -2 0.0
# ch21_20201201020910_413.jpg
851 15 893 507 912.14 249.0 0.0 1424.64 491.86 0.0 -1 -1 0.0 -2 -2 0.0 -2 -2 0.0
# ch21_20201201012212_346.jpg
1128 95 977 752 1188.93 518.64 0.0 1840.71 815.07 0.0 2005.0 507.93 0.0 -2 -2 0.0 -2 -2 0.0
# ch21_20201201025604_577.jpg
1159 281 1137 850 1247.86 774.0 0.0 1953.21 1124.0 0.0 2199.64 722.21 0.0 -2 -2 0.0 -2 -2 0.0
# ch21_20201201020910_414.jpg
917 28 886 608 987.14 347.21 0.0 1553.21 615.07 0.0 -1 -1 0.0 -2 -2 0.0 -2 -2 0.0
# ch21_20201201020910_430.jpg
991 10 732 584 1015.71 304.36 0.0 1474.64 556.14 0.0 -1 -1 0.0 -2 -2 0.0 -2 -2 0.0
# ch21_20201201025604_520.jpg
1210 183 1099 880 1267.5 738.29 0.0 1835.36 1045.43 0.0 2153.21 641.86 0.0 -2 -2 0.0 -2 -2 0.0
# ch21_20201201012212_327.jpg
1014 53 977 448 1076.43 245.43 0.0 -1 -1 0.0 -1 -1 0.0 -2 -2 0.0 -2 -2 0.0
# ch21_20201201003514_218.jpg
985 6 604 245 1088.93 72.21 0.0 -1 -1 0.0 -1 -1 0.0 -2 -2 0.0 -2 -2 0.0
# ch21_20201201020910_44.jpg
1337 126 1027 825 1385.36 557.93 0.0 2040.71 900.79 0.0 2246.07 581.14 0.0 -2 -2 0.0 -2 -2 0.0
# ch21_20201201025604_585.jpg
910 19 782 403 933.57 204.36 0.0 1392.5 391.86 0.0 -1 -1 0.0 -2 -2 0.0 -2 -2 0.0
# ch21_20201201003514_235.jpg
1235 144 1263 914 1410.36 738.29 0.0 2099.64 1031.14 0.0 2296.07 711.5 0.0 -2 -2 0.0 -2 -2 0.0
# ch21_20201201012212_362.jpg
1342 183 1026 779 1394.29 572.21 0.0 2044.29 904.36 0.0 2249.64 584.71 0.0 -2 -2 0.0 -2 -2 0.0
# ch21_20201201025604_543.jpg
1019 12 872 655 1035.36 343.64 0.0 1531.79 631.14 0.0 -1 -1 0.0 -2 -2 0.0 -2 -2 0.0
# ch21_20201201025604_52.jpg
1189 185 1195 953 1228.21 802.57 0.0 1817.5 1124.0 0.0 2155.0 781.14 0.0 -2 -2 0.0 -2 -2 0.0
# ch21_20201201000000_140.jpg
1237 190 1018 745 1337.14 643.64 0.0 1967.5 911.5 0.0 2163.93 600.79 0.0 -2 -2 0.0 -2 -2 0.0
# ch21_20201201020910_440.jpg
1085 217 1134 950 1192.5 818.64 0.0 1746.07 1149.0 0.0 2076.43 782.93 0.0 -2 -2 0.0 -2 -2 0.0
# ch21_20201201020910_48.jpg
1346 179 1014 788 1392.5 607.93 0.0 2024.64 927.57 0.0 2240.71 604.36 0.0 -2 -2 0.0 -2 -2 0.0
# ch21_20201201003514_211.jpg
1239 135 1095 837 1278.21 602.57 0.0 2013.93 900.79 0.0 2205.0 611.5 0.0 -2 -2 0.0 -2 -2 0.0
# ch21_20201201003514_250.jpg
1237 210 1243 909 1399.64 809.71 0.0 2085.36 1104.36 0.0 2285.36 770.43 0.0 -2 -2 0.0 -2 -2 0.0
# ch21_20201201020910_42.jpg
1335 179 1027 783 1388.93 597.21 0.0 2038.93 909.71 0.0 2242.5 593.64 0.0 -2 -2 0.0 -2 -2 0.0
# ch21_20201201003514_213.jpg
1209 160 1116 821 1283.57 632.93 0.0 2001.43 924.0 0.0 2197.86 627.57 0.0 -2 -2 0.0 -2 -2 0.0
# ch21_20201201000000_144.jpg
1026 6 558 239 -1 -1 0.0 1405.0 207.93 0.0 -1 -1 0.0 -2 -2 0.0 -2 -2 0.0
# ch21_20201201012212_360.jpg
1339 169 1037 803 1401.43 593.64 0.0 2046.07 925.79 0.0 2265.71 600.79 0.0 -2 -2 0.0 -2 -2 0.0
# ch21_20201201025604_583.jpg
1132 324 1141 896 1240.71 859.71 0.0 1956.79 1207.93 0.0 2192.5 781.14 0.0 -2 -2 0.0 -2 -2 0.0
# ch21_20201201003514_223.jpg
1246 179 1246 906 1419.29 772.21 0.0 2096.07 1074.0 0.0 2306.79 745.43 0.0 -2 -2 0.0 -2 -2 0.0
# ch21_20201201034258_610.jpg
1141 233 1023 820 1237.14 699.0 0.0 1881.79 1045.43 0.0 2069.29 563.29 0.0 -2 -2 0.0 -2 -2 0.0
# ch21_20201201003514_225.jpg
1235 178 1274 921 1417.5 775.79 0.0 2097.86 1077.57 0.0 2305.0 741.86 0.0 -2 -2 0.0 -2 -2 0.0
# ch21_20201201000000_154.jpg
1344 210 1100 948 1458.57 759.71 0.0 2053.21 1120.43 0.0 2276.43 768.64 0.0 -2 -2 0.0 -2 -2 0.0
# ch21_20201201025604_564.jpg
1203 101 1125 843 1267.5 568.64 0.0 1956.79 870.43 0.0 2190.71 597.21 0.0 -2 -2 0.0 -2 -2 0.0
# ch21_20201201020910_415.jpg
976 40 899 682 1037.14 416.86 0.0 1619.29 706.14 0.0 -1 -1 0.0 -2 -2 0.0 -2 -2 0.0
# ch21_20201201003514_229.jpg
1234 160 1262 916 1410.36 770.43 0.0 2112.14 1068.64 0.0 2294.29 734.71 0.0 -2 -2 0.0 -2 -2 0.0
# ch21_20201201003514_231.jpg
1229 111 1268 933 1404.21 727.57 0.0 2132.79 1024.0 0.0 2293.5 706.14 0.0 -2 -2 0.0 -2 -2 0.0
# ch21_20201201003514_230.jpg
1241 119 1253 917 1412.14 743.64 0.0 2112.14 1025.79 0.0 2296.07 709.71 0.0 -2 -2 0.0 -2 -2 0.0
# ch21_20201201003514_221.jpg
1239 117 1268 925 1419.29 732.93 0.0 2110.36 1022.21 0.0 2306.79 707.93 0.0 -2 -2 0.0 -2 -2 0.0
# ch21_20201201003514_239.jpg
1226 170 1261 904 1408.57 766.86 0.0 2108.57 1056.14 0.0 2296.07 741.86 0.0 -2 -2 0.0 -2 -2 0.0
# ch21_20201201003514_217.jpg
892 3 629 226 946.07 24.0 0.0 1422.86 174.0 0.0 -1 -1 0.0 -2 -2 0.0 -2 -2 0.0
# ch21_20201201003514_215.jpg
1207 156 1114 843 1272.86 645.43 0.0 1992.5 936.5 0.0 2192.5 641.86 0.0 -2 -2 0.0 -2 -2 0.0
# ch21_20201201034258_611.jpg
1142 215 1020 854 1231.79 720.43 0.0 1865.71 1054.36 0.0 2065.71 586.5 0.0 -2 -2 0.0 -2 -2 0.0
# ch21_20201201020910_4101.jpg
971 174 1355 830 1169.29 525.79 0.0 2074.64 972.21 0.0 2137.14 361.5 0.0 -2 -2 0.0 -2 -2 0.0
# ch21_20201201012212_339.jpg
1219 145 1000 825 1271.07 593.64 0.0 1871.07 924.0 0.0 2110.36 575.79 0.0 -2 -2 0.0 -2 -2 0.0
# ch21_20201201012212_363.jpg
1292 163 1079 795 1394.29 561.5 0.0 2046.07 909.71 0.0 2256.79 584.71 0.0 -2 -2 0.0 -2 -2 0.0
# ch21_20201201012212_341.jpg
1223 151 1000 830 1251.43 615.07 0.0 1896.07 945.43 0.0 2108.57 593.64 0.0 -2 -2 0.0 -2 -2 0.0
# ch21_20201201003514_227.jpg
1232 128 1271 919 1412.14 736.5 0.0 2094.29 1036.5 0.0 2294.29 702.57 0.0 -2 -2 0.0 -2 -2 0.0
# ch21_20201201012212_349.jpg
1030 4 679 249 -1 -1 0.0 1430.0 190.07 0.0 -1 -1 0.0 -2 -2 0.0 -2 -2 0.0
# ch21_20201201003514_219.jpg
1055 6 866 434 1178.21 249.0 0.0 -1 -1 0.0 -1 -1 0.0 -2 -2 0.0 -2 -2 0.0
# ch21_20201201025604_512.jpg
1034 15 771 536 1126.43 327.57 0.0 -1 -1 0.0 -1 -1 0.0 -2 -2 0.0 -2 -2 0.0
# ch21_20201201025604_55.jpg
1176 169 1186 982 1224.64 809.71 0.0 1788.93 1132.93 0.0 2142.5 793.64 0.0 -2 -2 0.0 -2 -2 0.0
# ch21_20201201025604_510.jpg
928 8 766 391 -1 -1 0.0 -1 -1 0.0 -1 -1 0.0 -2 -2 0.0 -2 -2 0.0
# ch21_20201201000000_157.jpg
1367 203 1077 998 1451.43 782.93 0.0 2085.36 1166.86 0.0 2274.64 800.79 0.0 -2 -2 0.0 -2 -2 0.0
# ch21_20201201012212_367.jpg
1348 126 1021 816 1392.5 547.21 0.0 2042.5 890.07 0.0 2249.64 570.43 0.0 -2 -2 0.0 -2 -2 0.0
# ch21_20201201020910_443.jpg
1146 163 1043 961 1163.93 781.14 0.0 1719.29 1107.93 0.0 2040.71 750.79 0.0 -2 -2 0.0 -2 -2 0.0
# ch21_20201201012212_345.jpg
1184 167 1008 841 1249.64 632.93 0.0 1851.43 968.64 0.0 2108.57 609.71 0.0 -2 -2 0.0 -2 -2 0.0
# ch21_20201201000000_149.jpg
1332 170 1037 842 1430.0 629.36 0.0 1997.86 970.43 0.0 2221.07 649.0 0.0 -2 -2 0.0 -2 -2 0.0
# ch21_20201201012212_368.jpg
1344 165 1024 782 1387.14 561.5 0.0 2033.57 895.43 0.0 2247.86 582.93 0.0 -2 -2 0.0 -2 -2 0.0
# ch21_20201201000000_156.jpg
1369 222 1081 954 1455.0 757.93 0.0 2022.86 1140.07 0.0 2276.43 786.5 0.0 -2 -2 0.0 -2 -2 0.0
# ch21_20201201012212_357.jpg
1330 179 1043 786 1399.64 577.57 0.0 2056.79 906.14 0.0 2258.57 586.5 0.0 -2 -2 0.0 -2 -2 0.0
# ch21_20201201012212_328.jpg
1089 128 939 528 1171.07 386.5 0.0 1683.57 641.86 0.0 -1 -1 0.0 -2 -2 0.0 -2 -2 0.0
# ch21_20201201012212_355.jpg
1344 151 1038 793 1406.79 581.14 0.0 2049.64 893.64 0.0 2258.57 586.5 0.0 -2 -2 0.0 -2 -2 0.0
# ch21_20201201000000_150.jpg
1398 213 1061 941 1460.36 732.93 0.0 2022.86 1120.43 0.0 2278.21 757.93 0.0 -2 -2 0.0 -2 -2 0.0
# ch21_20201201025604_570.jpg
1044 97 1038 647 1138.93 468.64 0.0 1755.0 741.86 0.0 -1 -1 0.0 -2 -2 0.0 -2 -2 0.0
# ch21_20201201003514_210.jpg
1232 170 1093 827 1276.43 624.0 0.0 2003.21 925.79 0.0 2203.21 631.14 0.0 -2 -2 0.0 -2 -2 0.0
# ch21_20201201025604_573.jpg
1151 272 1134 852 1249.64 770.43 0.0 1967.5 1115.07 0.0 2205.0 724.0 0.0 -2 -2 0.0 -2 -2 0.0
# ch21_20201201012212_340.jpg
1184 160 1028 835 1251.43 609.71 0.0 1869.29 952.57 0.0 2110.36 593.64 0.0 -2 -2 0.0 -2 -2 0.0
# ch21_20201201012212_337.jpg
1200 138 1014 806 1258.57 577.57 0.0 1890.71 922.21 0.0 2122.86 574.0 0.0 -2 -2 0.0 -2 -2 0.0
# ch21_20201201003514_224.jpg
1246 176 1261 910 1419.29 774.0 0.0 2094.29 1072.21 0.0 2303.21 743.64 0.0 -2 -2 0.0 -2 -2 0.0
# ch21_20201201025604_546.jpg
1069 70 965 788 1122.86 506.14 0.0 1680.0 834.71 0.0 -1 -1 0.0 -2 -2 0.0 -2 -2 0.0
# ch21_20201201025604_545.jpg
1053 31 939 772 1097.86 452.57 0.0 1637.14 781.14 0.0 -1 -1 0.0 -2 -2 0.0 -2 -2 0.0
# ch21_20201201034258_6100.jpg
1112 206 1050 714 1197.86 488.29 0.0 1885.36 915.07 0.0 2056.79 549.0 0.0 -2 -2 0.0 -2 -2 0.0
# ch21_20201201012212_350.jpg
1001 10 652 284 1072.86 34.71 0.0 1455.0 218.64 0.0 -1 -1 0.0 -2 -2 0.0 -2 -2 0.0
# ch21_20201201025604_558.jpg
1094 13 836 495 1135.36 261.5 0.0 -1 -1 0.0 -1 -1 0.0 -2 -2 0.0 -2 -2 0.0
# ch21_20201201003514_234.jpg
1225 160 1273 910 1405.0 763.29 0.0 2076.43 1057.93 0.0 2296.07 732.93 0.0 -2 -2 0.0 -2 -2 0.0
# ch21_20201201025604_565.jpg
1212 120 1122 815 1255.0 556.14 0.0 1972.86 884.71 0.0 2181.79 602.57 0.0 -2 -2 0.0 -2 -2 0.0
# ch21_20201201025604_580.jpg
1125 299 1150 866 1237.14 802.57 0.0 1956.79 1150.79 0.0 2183.57 740.07 0.0 -2 -2 0.0 -2 -2 0.0
# ch21_20201201012212_352.jpg
1078 10 798 409 1131.79 140.07 0.0 -1 -1 0.0 -1 -1 0.0 -2 -2 0.0 -2 -2 0.0
# ch21_20201201025604_550.jpg
1235 210 999 909 1260.36 732.93 0.0 1890.71 1107.93 0.0 2126.43 674.0 0.0 -2 -2 0.0 -2 -2 0.0
# ch21_20201201003514_22.jpg
942 13 708 311 1013.93 97.21 0.0 -1 -1 0.0 -1 -1 0.0 -2 -2 0.0 -2 -2 0.0
# ch21_20201201003514_249.jpg
1248 170 1232 925 1405.0 786.5 0.0 2088.93 1072.21 0.0 2281.79 747.21 0.0 -2 -2 0.0 -2 -2 0.0
# ch21_20201201003514_23.jpg
1009 4 823 425 1071.07 206.14 0.0 -1 -1 0.0 -1 -1 0.0 -2 -2 0.0 -2 -2 0.0
# ch21_20201201003514_243.jpg
1241 181 1248 909 1412.14 775.79 0.0 2076.43 1075.79 0.0 2294.29 749.0 0.0 -2 -2 0.0 -2 -2 0.0
# ch21_20201201012212_331.jpg
1244 126 998 828 1285.36 581.14 0.0 1922.86 924.0 0.0 2146.07 570.43 0.0 -2 -2 0.0 -2 -2 0.0
# ch21_20201201025604_57.jpg
1139 163 1161 938 1178.21 779.36 0.0 1726.43 1090.07 0.0 2072.86 756.14 0.0 -2 -2 0.0 -2 -2 0.0
# ch21_20201201025604_576.jpg
1146 265 1146 907 1246.07 807.93 0.0 1960.36 1154.36 0.0 2206.79 732.93 0.0 -2 -2 0.0 -2 -2 0.0
# ch21_20201201000000_137.jpg
1242 162 1018 714 1342.5 588.29 0.0 1955.0 852.57 0.0 2165.71 556.14 0.0 -2 -2 0.0 -2 -2 0.0
# ch21_20201201020910_421.jpg
1125 254 1028 818 1203.21 729.36 0.0 1847.86 1063.29 0.0 2058.57 593.64 0.0 -2 -2 0.0 -2 -2 0.0
# ch21_20201201025604_549.jpg
1248 210 998 910 1265.71 724.0 0.0 1887.14 1109.71 0.0 2140.71 675.79 0.0 -2 -2 0.0 -2 -2 0.0
# ch21_20201201020910_46.jpg
1353 153 1009 823 1387.14 606.14 0.0 2021.07 922.21 0.0 2238.93 602.57 0.0 -2 -2 0.0 -2 -2 0.0
# ch21_20201201000000_146.jpg
1142 12 670 546 1217.5 290.07 0.0 -1 -1 0.0 -1 -1 0.0 -2 -2 0.0 -2 -2 0.0
# ch21_20201201003514_241.jpg
1241 151 1257 916 1413.93 761.5 0.0 2115.71 1043.64 0.0 2292.5 729.36 0.0 -2 -2 0.0 -2 -2 0.0
# ch21_20201201012212_358.jpg
1353 174 1023 789 1405.0 595.43 0.0 2058.57 911.5 0.0 2263.93 590.07 0.0 -2 -2 0.0 -2 -2 0.0
# ch21_20201201012212_356.jpg
1346 183 1023 775 1405.0 588.29 0.0 2053.21 900.79 0.0 2256.79 581.14 0.0 -2 -2 0.0 -2 -2 0.0
# ch21_20201201012212_333.jpg
1232 133 994 812 1283.57 582.93 0.0 1922.86 909.71 0.0 2135.36 566.86 0.0 -2 -2 0.0 -2 -2 0.0
# ch21_20201201025604_561.jpg
1248 113 1105 827 1287.14 570.43 0.0 1999.64 881.14 0.0 2199.64 611.5 0.0 -2 -2 0.0 -2 -2 0.0
# ch21_20201201003514_220.jpg
1194 60 1206 821 1365.71 599.0 0.0 2019.29 865.07 0.0 2210.36 593.64 0.0 -2 -2 0.0 -2 -2 0.0
# ch21_20201201003514_242.jpg
1235 167 1261 912 1413.93 775.79 0.0 2105.0 1066.86 0.0 2290.71 741.86 0.0 -2 -2 0.0 -2 -2 0.0
# ch21_20201201020910_418.jpg
1053 128 997 769 1137.14 565.07 0.0 1785.36 881.14 0.0 -1 -1 0.0 -2 -2 0.0 -2 -2 0.0
# ch21_20201201020910_4100.jpg
982 179 1343 818 1163.93 525.79 0.0 2053.21 972.21 0.0 2131.79 350.79 0.0 -2 -2 0.0 -2 -2 0.0
# ch21_20201201020910_434.jpg
1169 160 1088 975 1221.07 775.79 0.0 1835.36 1113.29 0.0 2090.71 754.36 0.0 -2 -2 0.0 -2 -2 0.0
# ch21_20201201012212_342.jpg
1198 153 1005 839 1255.0 616.86 0.0 1935.36 949.0 0.0 2110.36 597.21 0.0 -2 -2 0.0 -2 -2 0.0
# ch21_20201201012212_334.jpg
1191 176 1034 789 1281.79 600.79 0.0 1885.36 940.07 0.0 2133.57 590.07 0.0 -2 -2 0.0 -2 -2 0.0
# ch21_20201201020910_410.jpg
1287 160 986 718 1326.43 499.0 0.0 1955.0 824.0 0.0 2174.64 540.07 0.0 -2 -2 0.0 -2 -2 0.0
# ch21_20201201020910_441.jpg
1144 203 1077 964 1185.36 813.29 0.0 1746.07 1149.0 0.0 2074.64 779.36 0.0 -2 -2 0.0 -2 -2 0.0
# ch21_20201201000000_152.jpg
1360 226 1100 957 1453.21 766.86 0.0 2049.64 1145.43 0.0 2292.5 790.07 0.0 -2 -2 0.0 -2 -2 0.0
# ch21_20201201003514_216.jpg
1160 103 1104 809 1230.0 563.29 0.0 1930.0 843.64 0.0 2124.64 577.57 0.0 -2 -2 0.0 -2 -2 0.0
# ch21_20201201025604_584.jpg
1018 149 1050 714 1110.36 559.71 0.0 1742.5 840.07 0.0 -1 -1 0.0 -2 -2 0.0 -2 -2 0.0
# ch21_20201201003514_212.jpg
1219 140 1106 836 1265.71 602.57 0.0 1990.71 906.14 0.0 2194.29 615.07 0.0 -2 -2 0.0 -2 -2 0.0
# ch21_20201201012212_330.jpg
1244 142 995 802 1292.5 590.07 0.0 1944.29 916.86 0.0 2147.86 572.21 0.0 -2 -2 0.0 -2 -2 0.0
# ch21_20201201025604_574.jpg
1150 269 1139 894 1249.64 791.86 0.0 1980.0 1147.21 0.0 2206.79 724.0 0.0 -2 -2 0.0 -2 -2 0.0
# ch21_20201201025604_569.jpg
955 13 704 261 976.43 86.5 0.0 -1 -1 0.0 -1 -1 0.0 -2 -2 0.0 -2 -2 0.0
# ch21_20201201012212_347.jpg
984 12 901 491 1062.14 227.57 0.0 1463.93 440.07 0.0 -1 -1 0.0 -2 -2 0.0 -2 -2 0.0
# ch21_20201201003514_26.jpg
1226 145 1088 833 1283.57 607.93 0.0 2008.57 915.07 0.0 2206.79 624.0 0.0 -2 -2 0.0 -2 -2 0.0
# ch21_20201201025604_562.jpg
1216 113 1123 823 1274.64 561.5 0.0 1996.07 870.43 0.0 2194.29 597.21 0.0 -2 -2 0.0 -2 -2 0.0
# ch21_20201201012212_364.jpg
1303 208 1063 714 1390.71 552.57 0.0 2046.07 874.0 0.0 2251.43 557.93 0.0 -2 -2 0.0 -2 -2 0.0
# ch21_20201201000000_136.jpg
1034 6 680 330 1105.0 145.43 0.0 1485.36 302.57 0.0 -1 -1 0.0 -2 -2 0.0 -2 -2 0.0
# ch21_20201201020910_437.jpg
1157 149 1071 987 1197.86 781.14 0.0 1801.43 1113.29 0.0 2078.21 756.14 0.0 -2 -2 0.0 -2 -2 0.0
# ch21_20201201020910_417.jpg
1034 90 983 759 1099.64 524.0 0.0 1701.43 822.21 0.0 -1 -1 0.0 -2 -2 0.0 -2 -2 0.0
# ch21_20201201003514_247.jpg
1223 181 1266 918 1408.57 790.07 0.0 2102.43 1086.5 0.0 2287.14 752.57 0.0 -2 -2 0.0 -2 -2 0.0
# ch21_20201201025604_51.jpg
1175 133 1209 978 1240.71 781.14 0.0 1806.79 1097.21 0.0 2155.0 774.0 0.0 -2 -2 0.0 -2 -2 0.0
# ch21_20201201025604_582.jpg
1144 333 1143 875 1230.0 856.14 0.0 1960.36 1202.57 0.0 2187.14 781.14 0.0 -2 -2 0.0 -2 -2 0.0
# ch21_20201201020910_435.jpg
1146 128 1098 978 1208.57 749.0 0.0 1822.86 1088.29 0.0 2092.5 731.14 0.0 -2 -2 0.0 -2 -2 0.0
# ch21_20201201003514_245.jpg
1251 163 1234 902 1403.21 759.71 0.0 2106.79 1050.79 0.0 2294.29 729.36 0.0 -2 -2 0.0 -2 -2 0.0
# ch21_20201201003514_228.jpg
1223 149 1277 918 1408.57 765.07 0.0 2085.36 1059.71 0.0 2288.93 731.14 0.0 -2 -2 0.0 -2 -2 0.0
# ch21_20201201025604_572.jpg
1132 242 1112 820 1224.64 711.5 0.0 1953.21 1052.57 0.0 2160.36 665.07 0.0 -2 -2 0.0 -2 -2 0.0
# ch21_20201201012212_366.jpg
1289 208 1073 723 1383.57 536.5 0.0 2033.57 881.14 0.0 2244.29 568.64 0.0 -2 -2 0.0 -2 -2 0.0
# ch21_20201201020910_45.jpg
1357 135 1009 819 1390.71 588.29 0.0 2038.93 907.93 0.0 2253.21 584.71 0.0 -2 -2 0.0 -2 -2 0.0
# ch21_20201201003514_21.jpg
928 4 595 299 965.71 22.21 0.0 1331.79 141.86 0.0 -1 -1 0.0 -2 -2 0.0 -2 -2 0.0
# ch21_20201201003514_251.jpg
1235 199 1243 909 1406.79 806.14 0.0 2133.57 1095.43 0.0 2288.93 765.07 0.0 -2 -2 0.0 -2 -2 0.0
# ch21_20201201003514_246.jpg
1226 192 1272 907 1408.57 790.07 0.0 2067.5 1086.5 0.0 2287.14 752.57 0.0 -2 -2 0.0 -2 -2 0.0
# ch21_20201201025604_571.jpg
1103 170 1061 774 1181.79 620.43 0.0 1910.36 932.93 0.0 2094.29 586.5 0.0 -2 -2 0.0 -2 -2 0.0
# ch21_20201201003514_237.jpg
1216 144 1280 939 1401.43 763.29 0.0 2099.64 1066.86 0.0 2288.93 729.36 0.0 -2 -2 0.0 -2 -2 0.0
# ch21_20201201000000_153.jpg
1371 176 1080 971 1455.0 743.64 0.0 2047.86 1111.5 0.0 2283.57 759.71 0.0 -2 -2 0.0 -2 -2 0.0
# ch21_20201201020910_432.jpg
1132 108 1044 882 1190.71 649.0 0.0 1772.86 972.21 0.0 2035.36 641.86 0.0 -2 -2 0.0 -2 -2 0.0
# ch21_20201201000000_141.jpg
1247 222 1005 732 1338.14 674.0 0.0 1948.86 941.86 0.0 2164.93 632.93 0.0 -2 -2 0.0 -2 -2 0.0
# ch21_20201201020910_422.jpg
1119 208 1020 839 1197.86 704.36 0.0 1812.14 1038.29 0.0 2047.86 595.43 0.0 -2 -2 0.0 -2 -2 0.0
# ch21_20201201025604_551.jpg
1221 217 1009 907 1251.43 736.5 0.0 1871.07 1111.5 0.0 2126.43 681.14 0.0 -2 -2 0.0 -2 -2 0.0
# ch21_20201201012212_332.jpg
1209 169 1032 823 1283.57 616.86 0.0 1878.21 966.86 0.0 2135.36 613.29 0.0 -2 -2 0.0 -2 -2 0.0
# ch21_20201201003514_27.jpg
1232 156 1105 816 1281.79 613.29 0.0 2012.14 918.64 0.0 2205.0 627.57 0.0 -2 -2 0.0 -2 -2 0.0
# ch21_20201201025604_511.jpg
960 10 750 423 -1 -1 0.0 -1 -1 0.0 -1 -1 0.0 -2 -2 0.0 -2 -2 0.0
# ch21_20201201020910_433.jpg
1164 156 1093 954 1224.64 745.43 0.0 1835.36 1074.0 0.0 2112.14 716.86 0.0 -2 -2 0.0 -2 -2 0.0
# ch21_20201201025604_544.jpg
1051 26 952 744 1081.79 425.79 0.0 1619.29 729.36 0.0 -1 -1 0.0 -2 -2 0.0 -2 -2 0.0
# ch21_20201201020910_431.jpg
1059 33 903 755 1121.07 482.93 0.0 1633.57 775.79 0.0 -1 -1 0.0 -2 -2 0.0 -2 -2 0.0
# ch21_20201201003514_240.jpg
1235 151 1257 902 1408.57 745.43 0.0 2122.86 1036.5 0.0 2287.14 722.21 0.0 -2 -2 0.0 -2 -2 0.0
# ch21_20201201025604_575.jpg
1155 303 1141 878 1249.64 809.71 0.0 1969.29 1165.07 0.0 2206.79 743.64 0.0 -2 -2 0.0 -2 -2 0.0
# ch21_20201201003514_24.jpg
1071 19 795 509 1113.93 293.64 0.0 -1 -1 0.0 -1 -1 0.0 -2 -2 0.0 -2 -2 0.0
# ch21_20201201020910_47.jpg
1346 181 1013 789 1390.71 613.29 0.0 2035.36 924.0 0.0 2244.29 607.93 0.0 -2 -2 0.0 -2 -2 0.0
# ch21_20201201003514_253.jpg
1242 203 1240 907 1405.0 802.57 0.0 2122.86 1097.21 0.0 2288.93 766.86 0.0 -2 -2 0.0 -2 -2 0.0
# ch21_20201201003514_233.jpg
1244 178 1252 894 1412.14 761.5 0.0 2076.43 1065.07 0.0 2296.07 734.71 0.0 -2 -2 0.0 -2 -2 0.0
# ch21_20201201025604_563.jpg
1219 111 1113 815 1276.43 563.29 0.0 1988.93 859.71 0.0 2199.64 586.5 0.0 -2 -2 0.0 -2 -2 0.0
# ch21_20201201025604_581.jpg
1126 313 1142 861 1226.43 822.21 0.0 1967.5 1168.64 0.0 2185.36 757.93 0.0 -2 -2 0.0 -2 -2 0.0
# ch21_20201201020910_439.jpg
1141 190 1091 954 1187.14 807.93 0.0 1756.79 1125.79 0.0 2080.0 768.64 0.0 -2 -2 0.0 -2 -2 0.0
# ch21_20201201025604_56.jpg
1169 231 1188 947 1213.93 841.86 0.0 1797.86 1174.0 0.0 2131.79 822.21 0.0 -2 -2 0.0 -2 -2 0.0
# ch21_20201201003514_248.jpg
1223 195 1259 902 1405.0 786.5 0.0 2088.93 1072.21 0.0 2281.79 747.21 0.0 -2 -2 0.0 -2 -2 0.0
# ch21_20201201025604_548.jpg
1234 233 1021 914 1281.79 743.64 0.0 1892.5 1129.36 0.0 2153.21 684.71 0.0 -2 -2 0.0 -2 -2 0.0
# ch21_20201201025604_527.jpg
1210 199 1082 887 1269.29 761.5 0.0 1844.29 1068.64 0.0 2151.43 682.93 0.0 -2 -2 0.0 -2 -2 0.0
# ch21_20201201020910_420.jpg
1119 226 1038 814 1219.29 693.64 0.0 1855.0 1018.64 0.0 2058.57 566.86 0.0 -2 -2 0.0 -2 -2 0.0
# ch21_20201201012212_359.jpg
1326 183 1050 791 1403.21 600.79 0.0 2055.0 925.79 0.0 2262.14 604.36 0.0 -2 -2 0.0 -2 -2 0.0
# ch21_20201201003514_232.jpg
1234 156 1258 898 1412.14 745.43 0.0 2112.14 1041.86 0.0 2292.5 725.79 0.0 -2 -2 0.0 -2 -2 0.0
# ch21_20201201012212_344.jpg
1205 158 993 807 1251.43 607.93 0.0 1869.29 938.29 0.0 2110.36 590.07 0.0 -2 -2 0.0 -2 -2 0.0
# ch21_20201201003514_238.jpg
1223 145 1266 947 1410.36 772.21 0.0 2101.43 1066.86 0.0 2296.07 736.5 0.0 -2 -2 0.0 -2 -2 0.0
# ch21_20201201000000_159.jpg
1134 4 650 382 1176.43 122.21 0.0 -1 -1 0.0 -1 -1 0.0 -2 -2 0.0 -2 -2 0.0
# ch21_20201201003514_252.jpg
1262 199 1220 909 1406.79 802.57 0.0 2105.0 1095.43 0.0 2287.14 765.07 0.0 -2 -2 0.0 -2 -2 0.0
# ch21_20201201003514_25.jpg
1109 31 853 602 1151.43 366.86 0.0 1630.0 607.93 0.0 -1 -1 0.0 -2 -2 0.0 -2 -2 0.0
# ch21_20201201025604_528.jpg
1201 251 1097 852 1276.43 766.86 0.0 1874.64 1086.5 0.0 2153.21 688.29 0.0 -2 -2 0.0 -2 -2 0.0
# ch21_20201201020910_438.jpg
1126 162 1106 966 1192.5 777.57 0.0 1817.5 1102.57 0.0 2080.0 750.79 0.0 -2 -2 0.0 -2 -2 0.0
# ch21_20201201003514_28.jpg
1223 154 1107 799 1278.21 613.29 0.0 2010.36 907.93 0.0 2197.86 622.21 0.0 -2 -2 0.0 -2 -2 0.0
# 10118.jpg
# 10119.jpg
# 10120.jpg
# 10121.jpg
# 10122.jpg
# 10123.jpg
# 10124.jpg
# 10125.jpg
# 10126.jpg
# 10127.jpg
# 10128.jpg
# 10129.jpg
